24910938
24783903
24134071
24869612
24379236
24151201
24888856
25051242
24055480
24080371
24996812
24080115
24673672
24379631
24737847
24512887
24076607
24871698
24080721
24263678
24151869
23891596
24353684
24392522
24396602
24971177
24513314
24740332
24682520
23887949
24013847
24842498
24168926
24272981
24705731
24480238
24397040
24261352
25063462
24533851
24646110
24909462
24113477
24700515
24902657
24336623
24842505
24411549
24016703
24970111
24379237
24405944
24448910
24888854
24882665
24917390
24640953
24135892
24119072
23937630
24375063
24639310
24639309
24913357
