22394647
20716619
14678367
23395006
21715722
22153756
22608696
23021156
21237611
9190093
17876177
22246148
11958495
20693148
21442198
22287534
14521639
18299490
Salkeld_pmid
12790313
15911190
11206942
11562929
15280342
15834239
18218084
22570252
21212064
19718941
20876346
18373146
20609546
24004815
23835709
22825933
8998184
20142594
Maslin_pmid
20149953
17954796
21041538
20179125
21565651
16377604
19819096
20619576
16173330
17319855
16911143
15242468
15951457
11085838
20432110
17689600
22753906
23159252
20484090
19210013
23148458
16511899
20978060
19025266
8635032
23896732
16855125
18573775
15310772
22882966
19209172
21299290
18760888
10418541
15043176
17333332
18613319
18618513
16875796
24274808
12697850
15280341
23835818
23357414
Bryan_pmid
23835817
15824055
23381524
23835818
22212453
none
23381524
